t;x;y;vx;vy;ax;ay;
0,000;3,071E-2;-0,310;;;;
0,017;3,073E-2;-0,310;3,044E-3;7,513E-3;;
0,033;3,081E-2;-0,310;1,096E-2;1,906E-2;0,312;0,397
0,050;3,109E-2;-0,310;1,517E-2;2,120E-2;6,644E-2;7,688E-2
0,067;3,131E-2;-0,309;1,198E-2;2,025E-2;-9,251E-2;0,161
0,083;3,149E-2;-0,309;1,179E-2;2,649E-2;-0,324;0,328
0,100;3,171E-2;-0,309;3,130E-3;3,236E-2;-5,593E-2;0,400
0,117;3,160E-2;-0,308;5,243E-3;3,854E-2;0,259;0,164
0,133;3,188E-2;-0,307;1,666E-2;3,984E-2;0,293;7,610E-2
0,150;3,215E-2;-0,307;1,353E-2;3,872E-2;-0,267;2,576E-2
0,167;3,233E-2;-0,306;7,574E-3;4,207E-2;-0,152;0,453
0,183;3,240E-2;-0,305;7,415E-3;5,211E-2;0,303;0,302
0,200;3,258E-2;-0,304;1,802E-2;5,572E-2;0,143;0,188
0,217;3,300E-2;-0,303;1,530E-2;5,459E-2;-0,285;0,121
0,233;3,309E-2;-0,302;4,643E-3;6,171E-2;-7,848E-2;0,375
0,250;3,316E-2;-0,301;1,275E-2;6,663E-2;0,163;0,184
0,267;3,352E-2;-0,300;1,371E-2;6,843E-2;1,680E-2;3,196E-2
0,283;3,362E-2;-0,299;9,405E-3;6,710E-2;-1,700E-2;0,247
0,300;3,383E-2;-0,298;1,490E-2;7,543E-2;0,194;0,326
0,317;3,411E-2;-0,297;1,612E-2;8,098E-2;-4,045E-2;0,302
0,333;3,437E-2;-0,295;1,326E-2;8,265E-2;-2,717E-2;0,187
0,350;3,455E-2;-0,294;1,435E-2;8,885E-2;-6,421E-3;0,228
0,367;3,484E-2;-0,292;1,460E-2;8,998E-2;5,221E-2;8,819E-2
0,383;3,504E-2;-0,291;1,448E-2;9,132E-2;-9,121E-2;0,130
0,400;3,533E-2;-0,289;1,327E-2;9,456E-2;-5,429E-2;0,184
0,417;3,548E-2;-0,288;1,095E-2;9,752E-2;-1,390E-4;0,197
0,433;3,569E-2;-0,286;1,405E-2;0,101;0,146;0,152
0,450;3,595E-2;-0,284;1,598E-2;0,103;6,420E-2;0,260
0,467;3,622E-2;-0,283;1,612E-2;0,108;5,559E-2;0,182
0,483;3,649E-2;-0,281;1,747E-2;0,111;-2,182E-2;0,278
0,500;3,681E-2;-0,279;1,629E-2;0,115;-0,122;0,194
0,517;3,703E-2;-0,277;1,251E-2;0,120;-7,696E-2;0,147
0,533;3,722E-2;-0,275;1,355E-2;0,118;0,139;0,116
0,550;3,748E-2;-0,273;1,757E-2;0,124;6,221E-2;0,193
0,567;3,781E-2;-0,271;1,636E-2;0,127;-1,872E-2;0,233
0,583;3,803E-2;-0,269;1,542E-2;0,129;-6,004E-2;0,271
0,600;3,832E-2;-0,266;1,574E-2;0,137;-8,904E-2;0,269
0,617;3,855E-2;-0,264;1,185E-2;0,139;-0,110;0,119
0,633;3,872E-2;-0,262;1,157E-2;0,140;0,208;0,241
0,650;3,894E-2;-0,259;1,874E-2;0,147;0,160;0,209
0,667;3,934E-2;-0,257;1,900E-2;0,148;5,276E-2;0,268
0,683;3,957E-2;-0,255;1,765E-2;0,153;-7,639E-2;9,856E-2
0,700;3,993E-2;-0,252;1,873E-2;0,155;0,114;0,150
0,717;4,020E-2;-0,249;1,955E-2;0,155;-8,123E-2;0,239
0,733;4,058E-2;-0,247;1,819E-2;0,165;-9,144E-2;0,373
0,750;4,080E-2;-0,244;1,437E-2;0,168;-8,678E-2;2,575E-3
0,767;4,106E-2;-0,241;1,626E-2;0,164;-1,697E-2;0,161
0,783;4,135E-2;-0,238;1,422E-2;0,171;6,621E-2;0,213
0,800;4,154E-2;-0,235;1,683E-2;0,175;0,132;0,171
0,817;4,191E-2;-0,233;2,073E-2;0,173;0,131;0,111
0,833;4,223E-2;-0,230;1,995E-2;0,181;-9,026E-2;0,339
0,850;4,257E-2;-0,227;1,842E-2;0,185;8,842E-2;7,732E-2
0,867;4,284E-2;-0,223;2,145E-2;0,184;2,647E-2;0,357
0,883;4,329E-2;-0,220;2,179E-2;0,194;-3,663E-2;0,274
0,900;4,357E-2;-0,217;1,795E-2;0,198;-6,593E-2;0,205
0,917;4,388E-2;-0,214;2,037E-2;0,195;1,852E-2;0,136
0,933;4,425E-2;-0,210;1,920E-2;0,205;-0,111;0,288
0,950;4,452E-2;-0,207;1,584E-2;0,205;-1,744E-2;-6,519E-3
0,967;4,478E-2;-0,204;1,830E-2;0,203;0,174;7,728E-2
0,983;4,513E-2;-0,200;2,252E-2;0,208;0,122;0,382
1,000;4,553E-2;-0,197;2,236E-2;0,217;2,166E-2;0,261
1,017;4,588E-2;-0,193;2,258E-2;0,218;-4,966E-2;0,418
1,033;4,628E-2;-0,189;2,160E-2;0,227;-2,584E-2;8,394E-2
1,050;4,660E-2;-0,185;2,064E-2;0,226;-2,304E-2;5,041E-2
1,067;4,697E-2;-0,182;2,163E-2;0,222;9,758E-2;-2,132E-2
1,083;4,732E-2;-0,178;2,328E-2;0,230;2,041E-2;0,562
1,100;4,774E-2;-0,174;2,326E-2;0,238;-5,406E-2;9,679E-2
1,117;4,810E-2;-0,170;2,066E-2;0,237;-4,857E-2;0,221
1,133;4,843E-2;-0,166;2,159E-2;0,240;1,001E-3;3,805E-2
1,150;4,882E-2;-0,162;2,141E-2;0,244;6,724E-2;0,307
1,167;4,914E-2;-0,158;2,274E-2;0,245;0,107;4,874E-2
1,183;4,957E-2;-0,154;2,602E-2;0,250;-3,134E-3;0,377
1,200;5,001E-2;-0,150;2,281E-2;0,254;-7,477E-2;0,198
1,217;5,033E-2;-0,145;2,207E-2;0,260;-4,170E-2;0,531
1,233;5,075E-2;-0,141;2,299E-2;0,269;4,508E-2;0,109
1,250;5,110E-2;-0,137;2,245E-2;0,269;-0,112;0,218
1,267;5,150E-2;-0,132;2,039E-2;0,269;-2,742E-2;-4,167E-2
1,283;5,178E-2;-0,128;1,995E-2;0,273;0,164;0,336
1,300;5,216E-2;-0,123;2,665E-2;0,275;0,123;-1,198E-2
1,317;5,267E-2;-0,118;2,542E-2;0,278;-4,967E-2;0,505
1,333;5,301E-2;-0,114;2,271E-2;0,286;-0,216;-3,091E-2
1,350;5,342E-2;-0,109;2,025E-2;0,285;5,986E-2;0,345
1,367;5,368E-2;-0,104;2,209E-2;0,288;-7,332E-2;0,117
1,383;5,416E-2;-9,923E-2;2,140E-2;0,298;5,403E-2;0,352
1,400;5,440E-2;-9,444E-2;2,003E-2;0,293;7,118E-2;-0,199
1,417;5,483E-2;-8,947E-2;2,642E-2;0,295;0,126;0,466
1,433;5,528E-2;-8,460E-2;2,397E-2;0,305;2,371E-2;0,421
1,450;5,563E-2;-7,930E-2;2,564E-2;0,314;6,892E-2;0,135
1,467;5,613E-2;-7,414E-2;2,829E-2;0,307;-3,699E-2;4,952E-2
1,483;5,657E-2;-6,907E-2;2,357E-2;0,314;-0,120;-4,941E-2
1,500;5,692E-2;-6,368E-2;2,340E-2;0,310;-0,149;0,305
1,517;5,735E-2;-5,873E-2;2,051E-2;0,316;4,719E-2;-9,244E-2
1,533;5,760E-2;-5,314E-2;2,204E-2;0,317;0,124;0,183
1,550;5,809E-2;-4,816E-2;2,764E-2;0,312;0,114;-3,134E-3
1,567;5,852E-2;-4,273E-2;2,466E-2;0,324;-0,138;0,752
1,583;5,891E-2;-3,736E-2;2,283E-2;0,333;-9,005E-2;9,178E-2
1,600;5,928E-2;-3,162E-2;2,191E-2;0,332;-1,758E-2;0,298
1,617;5,964E-2;-2,629E-2;2,198E-2;0,336;-4,910E-2;-4,230E-2
1,633;6,002E-2;-2,043E-2;2,085E-2;0,339;4,804E-3;0,151
1,650;6,033E-2;-1,499E-2;2,118E-2;0,334;0,102;-0,114
1,667;6,072E-2;-9,304E-3;2,494E-2;0,340;7,676E-2;0,469
1,683;6,116E-2;-3,677E-3;2,419E-2;0,346;2,826E-2;0,386
1,700;6,153E-2;2,243E-3;2,461E-2;0,355;4,464E-2;0,237
1,717;6,198E-2;8,162E-3;2,685E-2;0,353;5,833E-2;-2,237E-2
1,733;6,242E-2;1,402E-2;2,608E-2;0,354;-1,699E-2;-5,388E-2
1,750;6,285E-2;1,995E-2;2,621E-2;0,353;-2,545E-2;0,437
1,767;6,330E-2;2,578E-2;2,555E-2;0,365;-1,919E-2;0,403
1,783;6,370E-2;3,211E-2;2,510E-2;0,372;7,314E-2;0,169
1,800;6,413E-2;3,818E-2;2,800E-2;0,366;3,986E-2;-7,669E-3
1,817;6,464E-2;4,431E-2;2,739E-2;0,373;1,157E-2;8,744E-2
1,833;6,505E-2;5,060E-2;2,691E-2;0,371;-9,268E-2;0,146
1,850;6,554E-2;5,667E-2;2,588E-2;0,374;-1,739E-2;0,393
1,867;6,591E-2;6,305E-2;2,470E-2;0,387;3,112E-2;0,213
1,883;6,636E-2;6,958E-2;2,790E-2;0,382;0,112;-7,561E-2
1,900;6,684E-2;7,578E-2;2,846E-2;0,380;4,282E-2;0,224
1,917;6,731E-2;8,225E-2;2,894E-2;0,392;3,937E-2;0,202
1,933;6,780E-2;8,886E-2;3,006E-2;0,388;-1,559E-2;0,172
1,950;6,831E-2;9,519E-2;2,859E-2;0,393;-8,435E-2;0,329
1,967;6,876E-2;0,102;2,675E-2;0,404;-0,134;0,116
1,983;6,920E-2;0,109;2,460E-2;0,396;;
2,000;6,958E-2;0,115;;;;
