t;x;y;vx;vy;x_B;y_B;vx_B;vy_B;
0,000;-1,063E-2;0,103;;;0,421;8,979E-2;;
0,017;-8,570E-3;0,102;0,124;-5,455E-2;0,419;8,848E-2;-9,004E-2;-7,931E-2
0,033;-6,510E-3;0,101;0,130;-5,327E-2;0,418;8,715E-2;-7,468E-2;-6,819E-2
0,050;-4,247E-3;0,100;0,134;-5,678E-2;0,417;8,620E-2;-7,091E-2;-7,052E-2
0,067;-2,040E-3;9,928E-2;0,131;-5,690E-2;0,415;8,480E-2;-8,222E-2;-8,232E-2
0,083;1,239E-4;9,841E-2;0,130;-4,948E-2;0,414;8,346E-2;-7,462E-2;-7,725E-2
0,100;2,281E-3;9,763E-2;0,129;-4,716E-2;0,413;8,222E-2;-8,103E-2;-7,420E-2
0,117;4,412E-3;9,683E-2;0,132;-4,924E-2;0,411;8,099E-2;-9,242E-2;-7,582E-2
0,133;6,682E-3;9,599E-2;0,132;-5,397E-2;0,410;7,970E-2;-8,966E-2;-7,798E-2
0,150;8,824E-3;9,504E-2;0,129;-5,739E-2;0,408;7,839E-2;-7,677E-2;-7,896E-2
0,167;1,099E-2;9,408E-2;0,129;-5,391E-2;0,407;7,706E-2;-7,887E-2;-7,635E-2
0,183;1,314E-2;9,324E-2;0,129;-4,964E-2;0,406;7,584E-2;-9,172E-2;-7,545E-2
0,200;1,530E-2;9,242E-2;0,131;-5,608E-2;0,404;7,455E-2;-9,037E-2;-7,924E-2
0,217;1,750E-2;9,137E-2;0,132;-5,682E-2;0,403;7,320E-2;-7,847E-2;-6,807E-2
0,233;1,970E-2;9,053E-2;0,129;-5,009E-2;0,401;7,228E-2;-7,708E-2;-6,607E-2
0,250;2,182E-2;8,970E-2;0,129;-5,134E-2;0,400;7,100E-2;-8,721E-2;-8,008E-2
0,267;2,400E-2;8,882E-2;0,131;-5,136E-2;0,399;6,961E-2;-8,793E-2;-8,129E-2
0,283;2,619E-2;8,799E-2;0,131;-5,350E-2;0,397;6,829E-2;-7,695E-2;-8,002E-2
0,300;2,836E-2;8,704E-2;0,131;-5,692E-2;0,396;6,694E-2;-7,816E-2;-7,686E-2
0,317;3,055E-2;8,609E-2;0,131;-5,621E-2;0,394;6,573E-2;-9,197E-2;-7,653E-2
0,333;3,271E-2;8,516E-2;0,130;-5,220E-2;0,393;6,439E-2;-8,934E-2;-8,074E-2
0,350;3,490E-2;8,435E-2;0,133;-5,371E-2;0,391;6,304E-2;-8,904E-2;-7,944E-2
0,367;3,714E-2;8,337E-2;0,132;-5,644E-2;0,390;6,174E-2;-7,760E-2;-7,997E-2
0,383;3,929E-2;8,247E-2;0,128;-5,281E-2;0,389;6,037E-2;-8,104E-2;-7,697E-2
0,400;4,141E-2;8,161E-2;0,124;-5,354E-2;0,387;5,918E-2;-9,661E-2;-7,452E-2
0,417;4,344E-2;8,068E-2;0,119;-5,740E-2;0,386;5,789E-2;-9,510E-2;-7,903E-2
0,433;4,539E-2;7,970E-2;0,119;-5,621E-2;0,384;5,654E-2;-9,147E-2;-8,092E-2
0,450;4,742E-2;7,881E-2;0,125;-5,469E-2;0,383;5,519E-2;-7,688E-2;-8,130E-2
0,467;4,954E-2;7,787E-2;0,130;-5,348E-2;0,381;5,383E-2;-8,025E-2;-7,791E-2
0,483;5,176E-2;7,703E-2;0,131;-5,390E-2;0,380;5,259E-2;-9,411E-2;-7,700E-2
0,500;5,390E-2;7,608E-2;0,129;-5,603E-2;0,378;5,127E-2;-9,204E-2;-7,955E-2
0,517;5,608E-2;7,516E-2;0,129;-5,356E-2;0,377;4,994E-2;-9,385E-2;-7,903E-2
0,533;5,821E-2;7,429E-2;0,128;-4,868E-2;0,375;4,863E-2;-7,906E-2;-8,081E-2
0,550;6,034E-2;7,354E-2;0,128;-5,393E-2;0,374;4,725E-2;-7,977E-2;-7,739E-2
0,567;6,248E-2;7,249E-2;0,124;-6,003E-2;0,373;4,605E-2;-9,716E-2;-7,608E-2
0,583;6,449E-2;7,154E-2;0,117;-5,831E-2;0,371;4,471E-2;-9,306E-2;-8,108E-2
0,600;6,638E-2;7,055E-2;0,121;-5,655E-2;0,369;4,335E-2;-8,999E-2;-8,178E-2
0,617;6,852E-2;6,965E-2;0,130;-5,492E-2;0,368;4,198E-2;-9,091E-2;-8,314E-2
0,633;7,070E-2;6,872E-2;0,128;-5,629E-2;0,366;4,058E-2;-7,669E-2;-8,036E-2
0,650;7,277E-2;6,778E-2;0,127;-5,238E-2;0,365;3,930E-2;-8,062E-2;-7,464E-2
0,667;7,492E-2;6,697E-2;0,130;-5,288E-2;0,364;3,809E-2;-9,683E-2;-7,745E-2
0,683;7,712E-2;6,601E-2;0,130;-5,580E-2;0,362;3,672E-2;-9,292E-2;-8,152E-2
0,700;7,927E-2;6,511E-2;0,124;-6,010E-2;0,361;3,537E-2;-9,045E-2;-8,285E-2
0,717;8,126E-2;6,401E-2;0,121;-6,260E-2;0,359;3,396E-2;-9,095E-2;-9,275E-2
0,733;8,330E-2;6,303E-2;0,120;-5,825E-2;0,358;3,228E-2;-0,101;-8,936E-2
0,750;8,525E-2;6,207E-2;0,123;-5,572E-2;0,356;3,098E-2;-0,101;-7,928E-2
0,767;8,739E-2;6,117E-2;0,128;-5,160E-2;0,354;2,964E-2;-9,397E-2;-8,151E-2
0,783;8,952E-2;6,035E-2;0,128;-5,263E-2;0,353;2,827E-2;-7,730E-2;-8,357E-2
0,800;9,167E-2;5,942E-2;0,125;-6,024E-2;0,352;2,685E-2;-8,044E-2;-7,819E-2
0,817;9,370E-2;5,834E-2;0,119;-6,067E-2;0,350;2,566E-2;-9,737E-2;-7,676E-2
0,833;9,563E-2;5,739E-2;0,119;-5,680E-2;0,348;2,430E-2;-9,522E-2;-8,124E-2
0,850;9,766E-2;5,645E-2;0,123;-5,748E-2;0,347;2,295E-2;-9,457E-2;-8,890E-2
0,867;9,974E-2;5,548E-2;0,127;-5,701E-2;0,345;2,133E-2;-0,100;-8,777E-2
0,883;0,102;5,455E-2;0,128;-5,365E-2;0,343;2,003E-2;-0,103;-8,026E-2
0,900;0,104;5,369E-2;0,123;-5,808E-2;0,342;1,866E-2;-9,580E-2;-8,207E-2
0,917;0,106;5,261E-2;0,118;-6,094E-2;0,340;1,729E-2;-9,200E-2;-8,327E-2
0,933;0,108;5,166E-2;0,121;-5,904E-2;0,339;1,588E-2;-9,422E-2;-9,290E-2
0,950;0,110;5,064E-2;0,124;-5,645E-2;0,337;1,419E-2;-9,861E-2;-9,168E-2
0,967;0,112;4,978E-2;0,125;-5,604E-2;0,335;1,283E-2;-9,910E-2;-8,278E-2
0,983;0,114;4,877E-2;0,127;-6,374E-2;0,334;1,143E-2;-9,610E-2;-8,418E-2
1,000;0,116;4,765E-2;0,117;-6,097E-2;0,332;1,002E-2;-8,194E-2;-8,210E-2
1,017;0,118;4,674E-2;0,115;-5,497E-2;0,331;8,698E-3;-8,361E-2;-7,747E-2
1,033;0,120;4,582E-2;0,126;-5,540E-2;0,329;7,437E-3;-9,847E-2;-7,675E-2
1,050;0,122;4,490E-2;0,125;-5,958E-2;0,328;6,139E-3;-9,369E-2;-8,030E-2
1,067;0,124;4,383E-2;0,117;-6,140E-2;0,326;4,761E-3;-9,205E-2;-8,856E-2
1,083;0,126;4,285E-2;0,118;-5,706E-2;0,325;3,187E-3;-9,940E-2;-8,924E-2
1,100;0,128;4,193E-2;0,123;-5,521E-2;0,323;1,786E-3;-9,927E-2;-8,287E-2
1,117;0,130;4,101E-2;0,124;-5,654E-2;0,321;4,248E-4;-9,548E-2;-8,253E-2
1,133;0,132;4,005E-2;0,121;-6,097E-2;0,320;-9,647E-4;-9,743E-2;-8,926E-2
1,150;0,134;3,898E-2;0,117;-5,859E-2;0,318;-2,550E-3;-0,100;-8,913E-2
1,167;0,136;3,809E-2;0,119;-5,700E-2;0,317;-3,936E-3;-9,982E-2;-8,313E-2
1,183;0,138;3,708E-2;0,125;-5,854E-2;0,315;-5,321E-3;-9,714E-2;-8,404E-2
1,200;0,140;3,614E-2;0,121;-6,125E-2;0,313;-6,737E-3;-9,588E-2;-9,000E-2
1,217;0,142;3,503E-2;0,115;-6,150E-2;0,312;-8,321E-3;-1,000E-1;-9,006E-2
1,233;0,144;3,409E-2;0,120;-5,682E-2;0,310;-9,739E-3;-0,101;-8,480E-2
1,250;0,146;3,314E-2;0,120;-5,894E-2;0,308;-1,115E-2;-9,697E-2;-8,382E-2
1,267;0,148;3,213E-2;0,109;-5,769E-2;0,307;-1,253E-2;-8,827E-2;-8,611E-2
1,283;0,150;3,122E-2;8,753E-2;-5,830E-2;0,305;-1,402E-2;-7,074E-2;-9,344E-2
1,300;0,151;3,018E-2;4,297E-2;-5,050E-2;0,304;-1,565E-2;-4,373E-2;-9,384E-2
1,317;0,151;2,953E-2;-1,003E-2;-3,896E-2;0,304;-1,715E-2;-7,689E-3;-9,358E-2
1,333;0,151;2,889E-2;-5,852E-2;-3,141E-2;0,304;-1,877E-2;2,175E-2;-0,104
1,350;0,149;2,849E-2;-9,282E-2;-1,357E-2;0,305;-2,062E-2;4,376E-2;-0,115
1,367;0,148;2,843E-2;-0,108;-4,852E-3;0,306;-2,259E-2;5,390E-2;-0,115
1,383;0,146;2,832E-2;-0,111;-6,997E-3;0,306;-2,447E-2;5,251E-2;-0,118
1,400;0,144;2,820E-2;-0,110;-9,205E-3;0,307;-2,653E-2;5,412E-2;-0,123
1,417;0,142;2,802E-2;-0,109;-6,888E-3;0,308;-2,856E-2;5,456E-2;-0,121
1,433;0,140;2,797E-2;-0,110;-5,704E-3;0,309;-3,056E-2;5,555E-2;-0,118
1,450;0,139;2,783E-2;-0,112;-7,339E-3;0,310;-3,251E-2;5,302E-2;-0,118
1,467;0,137;2,773E-2;-0,112;-5,774E-3;0,311;-3,450E-2;5,126E-2;-0,119
1,483;0,135;2,764E-2;-0,112;-7,265E-3;0,312;-3,646E-2;4,866E-2;-0,122
1,500;0,133;2,748E-2;-0,113;-9,861E-3;0,313;-3,855E-2;4,728E-2;-0,123
1,517;0,131;2,731E-2;-0,112;-7,766E-3;0,313;-4,057E-2;5,232E-2;-0,120
1,533;0,129;2,723E-2;-0,113;-4,957E-3;0,314;-4,254E-2;5,423E-2;-0,120
1,550;0,127;2,714E-2;-0,116;-7,190E-3;0,315;-4,456E-2;5,161E-2;-0,123
1,567;0,125;2,699E-2;-0,109;-6,094E-3;0,316;-4,663E-2;5,066E-2;-0,117
1,583;0,124;2,694E-2;-0,111;-1,095E-2;0,317;-4,847E-2;4,895E-2;-0,117
1,600;0,122;2,662E-2;-0,115;-1,337E-2;0,318;-5,053E-2;4,946E-2;-0,128
1,617;0,120;2,649E-2;-0,112;-1,017E-2;0,319;-5,273E-2;5,288E-2;-0,125
1,633;0,118;2,628E-2;-0,112;-6,508E-3;0,319;-5,471E-2;4,944E-2;-0,121
1,650;0,116;2,628E-2;-0,106;-3,842E-3;0,320;-5,677E-2;4,943E-2;-0,120
1,667;0,114;2,615E-2;-0,105;-8,689E-3;0,321;-5,872E-2;5,091E-2;-0,117
1,683;0,113;2,599E-2;-0,112;-1,103E-2;0,322;-6,067E-2;4,901E-2;-0,120
1,700;0,111;2,579E-2;-0,111;-7,811E-3;0,323;-6,272E-2;4,914E-2;-0,127
1,717;0,109;2,573E-2;-0,104;-9,026E-3;0,323;-6,491E-2;4,753E-2;-0,128
1,733;0,107;2,549E-2;-0,106;-1,404E-2;0,324;-6,700E-2;5,043E-2;-0,119
1,750;0,105;2,526E-2;-0,115;-1,273E-2;0,325;-6,887E-2;5,392E-2;-0,118
1,767;0,103;2,506E-2;-0,112;-9,469E-3;0,326;-7,094E-2;5,046E-2;-0,122
1,783;0,102;2,494E-2;-0,106;-9,762E-3;0,327;-7,296E-2;4,315E-2;-0,122
1,800;9,983E-2;2,474E-2;-0,107;-1,074E-2;0,327;-7,499E-2;4,437E-2;-0,118
1,817;9,802E-2;2,458E-2;-0,108;-1,145E-2;0,328;-7,689E-2;5,056E-2;-0,118
1,833;9,623E-2;2,435E-2;-0,109;-9,524E-3;0,329;-7,894E-2;4,753E-2;-0,123
1,850;9,438E-2;2,427E-2;-0,108;-1,117E-2;0,330;-8,099E-2;4,429E-2;-0,125
1,867;9,265E-2;2,398E-2;-0,104;-1,577E-2;0,331;-8,311E-2;4,196E-2;-0,126
1,883;9,091E-2;2,374E-2;-0,104;-1,060E-2;0,331;-8,520E-2;4,247E-2;-0,119
1,900;8,918E-2;2,363E-2;-0,108;-8,418E-3;0,332;-8,708E-2;4,462E-2;-0,118
1,917;8,730E-2;2,346E-2;-0,108;-7,844E-3;0,333;-8,914E-2;4,384E-2;-0,124
1,933;8,559E-2;2,337E-2;-0,104;-7,234E-3;0,334;-9,122E-2;4,148E-2;-0,120
1,950;8,385E-2;2,322E-2;-0,106;-1,112E-2;0,334;-9,315E-2;4,203E-2;-0,119
1,967;8,207E-2;2,300E-2;-0,107;-1,221E-2;0,335;-9,518E-2;4,494E-2;-0,121
1,983;8,028E-2;2,281E-2;-0,102;-1,330E-2;0,336;-9,718E-2;4,527E-2;-0,120
2,000;7,867E-2;2,255E-2;-0,103;-1,518E-2;0,336;-9,918E-2;4,276E-2;-0,125
2,017;7,683E-2;2,231E-2;-0,107;-1,176E-2;0,337;-0,101;3,920E-2;-0,126
2,033;7,512E-2;2,216E-2;-0,106;-9,928E-3;0,338;-0,103;4,060E-2;-0,118
2,050;7,328E-2;2,198E-2;-0,105;-1,102E-2;0,338;-0,105;4,419E-2;-0,119
2,067;7,160E-2;2,179E-2;-9,893E-2;-1,137E-2;0,339;-0,107;4,476E-2;-0,125
2,083;6,998E-2;2,160E-2;-0,104;-1,035E-2;0,340;-0,109;4,324E-2;-0,125
2,100;6,814E-2;2,145E-2;-0,104;-1,390E-2;0,341;-0,111;4,409E-2;-0,126
2,117;6,651E-2;2,113E-2;-9,982E-2;-1,745E-2;0,341;-0,114;4,056E-2;-0,128
2,133;6,481E-2;2,087E-2;-0,103;-1,231E-2;0,342;-0,116;3,954E-2;-0,120
2,150;6,307E-2;2,072E-2;-0,105;-1,239E-2;0,343;-0,118;4,435E-2;-0,118
2,167;6,130E-2;2,045E-2;-9,962E-2;-1,137E-2;0,343;-0,120;4,563E-2;-0,125
2,183;5,975E-2;2,034E-2;-9,951E-2;-8,961E-3;0,344;-0,122;4,020E-2;-0,123
2,200;5,799E-2;2,015E-2;-0,104;-1,431E-2;0,345;-0,124;3,707E-2;-0,118
2,217;5,628E-2;1,987E-2;-9,801E-2;-1,493E-2;0,345;-0,126;4,513E-2;-0,120
2,233;5,472E-2;1,966E-2;-9,896E-2;-1,422E-2;0,346;-0,128;4,742E-2;-0,123
2,250;5,298E-2;1,939E-2;-0,104;-1,291E-2;0,347;-0,130;4,544E-2;-0,124
2,267;5,125E-2;1,923E-2;-0,103;-1,282E-2;0,348;-0,132;4,538E-2;-0,128
2,283;4,956E-2;1,897E-2;-9,742E-2;-1,198E-2;0,349;-0,134;3,747E-2;-0,125
2,300;4,800E-2;1,883E-2;-9,722E-2;-1,020E-2;0,349;-0,136;3,720E-2;-0,119
2,317;4,632E-2;1,863E-2;-9,954E-2;-1,149E-2;0,350;-0,138;4,536E-2;-0,122
2,333;4,468E-2;1,844E-2;-9,670E-2;-1,528E-2;0,351;-0,140;4,631E-2;-0,125
2,350;4,309E-2;1,812E-2;-9,681E-2;-1,582E-2;0,351;-0,142;4,628E-2;-0,124
2,367;4,146E-2;1,792E-2;-0,100;-1,060E-2;0,352;-0,144;4,484E-2;-0,127
2,383;3,975E-2;1,776E-2;-9,984E-2;-1,223E-2;0,353;-0,146;3,616E-2;-0,128
2,400;3,813E-2;1,751E-2;-9,872E-2;-1,311E-2;0,353;-0,149;3,706E-2;-0,120
2,417;3,646E-2;1,733E-2;-9,869E-2;-1,060E-2;0,354;-0,150;4,581E-2;-0,120
2,433;3,484E-2;1,716E-2;-0,102;-1,534E-2;0,355;-0,153;4,704E-2;-0,124
2,450;3,306E-2;1,681E-2;-9,887E-2;-1,468E-2;0,356;-0,155;4,604E-2;-0,124
2,467;3,154E-2;1,667E-2;-9,587E-2;-1,260E-2;0,356;-0,157;4,344E-2;-0,127
2,483;2,986E-2;1,639E-2;-9,689E-2;-1,737E-2;0,357;-0,159;3,110E-2;-0,123
2,500;2,831E-2;1,609E-2;-9,298E-2;-1,278E-2;0,357;-0,161;2,877E-2;-0,118
2,517;2,676E-2;1,597E-2;-9,553E-2;-1,248E-2;0,358;-0,163;3,898E-2;-0,123
2,533;2,513E-2;1,567E-2;-9,824E-2;-1,614E-2;0,359;-0,165;4,119E-2;-0,127
2,550;2,349E-2;1,543E-2;-9,608E-2;-1,344E-2;0,359;-0,167;4,334E-2;-0,125
2,567;2,193E-2;1,522E-2;-9,578E-2;-1,362E-2;0,360;-0,169;4,137E-2;-0,126
2,583;2,030E-2;1,498E-2;-9,566E-2;-1,396E-2;0,361;-0,171;2,537E-2;-0,122
2,600;1,874E-2;1,476E-2;-9,439E-2;-1,319E-2;0,361;-0,173;2,770E-2;-0,117
2,617;1,715E-2;1,454E-2;-9,682E-2;-1,743E-2;0,362;-0,175;4,021E-2;-0,124
2,633;1,551E-2;1,418E-2;-9,372E-2;-1,892E-2;0,362;-0,177;4,015E-2;-0,128
2,650;1,403E-2;1,391E-2;-9,106E-2;-1,396E-2;0,363;-0,179;4,334E-2;-0,126
2,667;1,247E-2;1,371E-2;-9,407E-2;-1,466E-2;0,364;-0,181;2,326E-2;-0,118
2,683;1,089E-2;1,342E-2;-8,674E-2;-1,788E-2;0,364;-0,183;2,197E-2;-0,119
2,700;9,583E-3;1,312E-2;-8,785E-2;-1,617E-2;0,365;-0,185;4,043E-2;-0,124
2,717;7,962E-3;1,288E-2;-9,387E-2;-1,532E-2;0,365;-0,187;4,055E-2;-0,124
2,733;6,454E-3;1,261E-2;-9,267E-2;-1,585E-2;0,366;-0,190;4,057E-2;-0,129
2,750;4,873E-3;1,235E-2;-9,491E-2;-1,474E-2;0,367;-0,192;2,447E-2;-0,119
2,767;3,291E-3;1,211E-2;-9,445E-2;-1,804E-2;0,367;-0,193;2,344E-2;-0,116
2,783;1,725E-3;1,175E-2;-9,156E-2;-1,543E-2;0,367;-0,196;3,949E-2;-0,126
2,800;2,386E-4;1,160E-2;-9,133E-2;-1,447E-2;0,368;-0,198;4,146E-2;-0,126
2,817;-1,319E-3;1,127E-2;-8,623E-2;-2,021E-2;0,369;-0,200;4,156E-2;-0,126
2,833;-2,636E-3;1,093E-2;-8,760E-2;-1,710E-2;0,369;-0,202;2,315E-2;-0,120
2,850;-4,239E-3;1,070E-2;-9,023E-2;-1,674E-2;0,369;-0,204;2,320E-2;-0,115
2,867;-5,644E-3;1,037E-2;-8,713E-2;-1,793E-2;0,370;-0,206;4,082E-2;-0,123
2,883;-7,144E-3;1,010E-2;-8,878E-2;-1,646E-2;0,371;-0,208;3,987E-2;-0,128
2,900;-8,603E-3;9,819E-3;-8,832E-2;-1,779E-2;0,372;-0,210;2,368E-2;-0,117
2,917;-1,009E-2;9,506E-3;-8,437E-2;-1,359E-2;0,372;-0,212;2,486E-2;-0,114
2,933;-1,142E-2;9,367E-3;-8,323E-2;-1,341E-2;0,372;-0,214;4,023E-2;-0,125
2,950;-1,286E-2;9,059E-3;-8,443E-2;-1,980E-2;0,373;-0,216;3,744E-2;-0,117
2,967;-1,423E-2;8,707E-3;-8,679E-2;-1,935E-2;0,374;-0,218;3,495E-2;-0,118
2,983;-1,575E-2;8,414E-3;-8,698E-2;-1,664E-2;0,374;-0,220;1,668E-2;-0,121
3,000;-1,713E-2;8,152E-3;-8,556E-2;-1,509E-2;0,374;-0,222;1,704E-2;-0,121
3,017;-1,861E-2;7,911E-3;-8,896E-2;-1,715E-2;0,375;-0,224;3,443E-2;-0,128
3,033;-2,009E-2;7,580E-3;-8,448E-2;-1,925E-2;0,375;-0,226;3,693E-2;-0,129
3,050;-2,142E-2;7,269E-3;-8,745E-2;-1,819E-2;0,376;-0,228;2,155E-2;-0,118
3,067;-2,301E-2;6,974E-3;-8,855E-2;-1,706E-2;0,376;-0,230;2,136E-2;-0,114
3,083;-2,437E-2;6,701E-3;-8,296E-2;-1,533E-2;0,377;-0,232;3,859E-2;-0,126
3,100;-2,577E-2;6,463E-3;-8,354E-2;-1,610E-2;0,377;-0,234;3,694E-2;-0,118
3,117;-2,716E-2;6,164E-3;-8,759E-2;-2,005E-2;0,378;-0,236;3,296E-2;-0,120
3,133;-2,869E-2;5,795E-3;-8,805E-2;-1,823E-2;0,378;-0,238;1,476E-2;-0,121
3,150;-3,009E-2;5,556E-3;-8,495E-2;-1,707E-2;0,378;-0,240;1,586E-2;-0,119
3,167;-3,153E-2;5,226E-3;-8,699E-2;-1,753E-2;0,379;-0,242;3,504E-2;-0,129
3,183;-3,299E-2;4,972E-3;-8,713E-2;-1,911E-2;0,380;-0,244;2,159E-2;-0,115
3,200;-3,443E-2;4,589E-3;-8,461E-2;-1,932E-2;0,380;-0,246;2,015E-2;-0,116
3,217;-3,581E-2;4,328E-3;-3,418E-2;-4,003E-2;0,380;-0,248;3,589E-2;-0,114
3,233;-3,557E-2;3,254E-3;;;0,381;-0,250;;
