t	xa	ya	va	pa	xb	yb	vb	pb	
0,000	0,475	0,114			5,067E-2	0,118		
0,017	0,473	0,117	0,220	0,220	5,322E-2	0,121	0,217	0,217
0,033	0,470	0,120	0,220	0,220	5,575E-2	0,123	0,216	0,216
0,050	0,468	0,123	0,235	0,235	5,826E-2	0,126	0,216	0,216
0,067	0,465	0,125	0,236	0,236	6,086E-2	0,128	0,216	0,216
0,083	0,463	0,128	0,222	0,222	6,340E-2	0,131	0,215	0,215
0,100	0,460	0,131	0,220	0,220	6,588E-2	0,133	0,202	0,202
0,117	0,458	0,134	0,220	0,220	6,843E-2	0,135	0,199	0,199
0,133	0,456	0,137	0,221	0,221	7,078E-2	0,138	0,211	0,211
0,150	0,453	0,140	0,236	0,236	7,321E-2	0,141	0,214	0,214
0,167	0,450	0,142	0,237	0,237	7,569E-2	0,143	0,215	0,215
0,183	0,448	0,145	0,223	0,223	7,820E-2	0,146	0,216	0,216
0,200	0,446	0,148	0,220	0,220	8,076E-2	0,148	0,217	0,217
0,217	0,443	0,151	0,220	0,220	8,329E-2	0,151	0,217	0,217
0,233	0,441	0,154	0,219	0,219	8,591E-2	0,153	0,217	0,217
0,250	0,438	0,157	0,220	0,220	8,849E-2	0,156	0,237	0,237
0,267	0,436	0,159	0,234	0,234	9,195E-2	0,158	0,239	0,239
0,283	0,433	0,162	0,235	0,235	9,442E-2	0,161	0,221	0,221
0,300	0,431	0,165	0,223	0,223	9,694E-2	0,164	0,218	0,218
0,317	0,428	0,168	0,220	0,220	9,945E-2	0,166	0,217	0,217
0,333	0,426	0,171	0,219	0,219	0,102	0,169	0,218	0,218
0,350	0,424	0,174	0,219	0,219	0,105	0,172	0,217	0,217
0,367	0,421	0,176	0,219	0,219	0,107	0,174	0,217	0,217
0,383	0,419	0,179	0,219	0,219	0,110	0,177	0,218	0,218
0,400	0,416	0,182	0,233	0,233	0,112	0,179	0,218	0,218
0,417	0,413	0,185	0,237	0,237	0,115	0,182	0,217	0,217
0,433	0,411	0,188	0,224	0,224	0,118	0,184	0,218	0,218
0,450	0,409	0,190	0,219	0,219	0,120	0,187	0,218	0,218
0,467	0,406	0,193	0,219	0,219	0,123	0,189	0,215	0,215
0,483	0,404	0,196	0,218	0,218	0,125	0,192	0,216	0,216
0,500	0,402	0,199	0,218	0,218	0,128	0,194	0,217	0,217
0,517	0,399	0,201	0,220	0,220	0,131	0,196	0,217	0,217
0,533	0,397	0,204	0,217	0,217	0,133	0,199	0,217	0,217
0,550	0,394	0,207	0,216	0,216	0,136	0,201	0,218	0,218
0,567	0,392	0,209	0,219	0,219	0,139	0,204	0,217	0,217
0,583	0,389	0,212	0,220	0,220	0,141	0,206	0,216	0,216
0,600	0,387	0,215	0,218	0,218	0,144	0,209	0,217	0,217
0,617	0,384	0,217	0,218	0,218	0,147	0,211	0,217	0,217
0,633	0,382	0,220	0,217	0,217	0,149	0,214	0,216	0,216
0,650	0,379	0,223	0,214	0,214	0,152	0,216	0,217	0,217
0,667	0,377	0,225	0,217	0,217	0,155	0,219	0,217	0,217
0,683	0,374	0,228	0,218	0,218	0,157	0,221	0,216	0,216
0,700	0,372	0,230	0,215	0,215	0,160	0,224	0,216	0,216
0,717	0,369	0,233	0,216	0,216	0,163	0,226	0,217	0,217
0,733	0,367	0,236	0,218	0,218	0,165	0,228	0,217	0,217
0,750	0,364	0,238	0,217	0,217	0,168	0,231	0,217	0,217
0,767	0,362	0,241	0,217	0,217	0,171	0,233	0,217	0,217
0,783	0,359	0,244	0,218	0,218	0,173	0,236	0,217	0,217
0,800	0,357	0,246	0,216	0,216	0,176	0,238	0,217	0,217
0,817	0,355	0,249	0,215	0,215	0,178	0,241	0,218	0,218
0,833	0,352	0,252	0,216	0,216	0,181	0,243	0,218	0,218
0,850	0,350	0,254	0,216	0,216	0,184	0,246	0,216	0,216
0,867	0,347	0,257	0,214	0,214	0,186	0,248	0,197	0,197
0,883	0,345	0,259	0,202	0,202	0,189	0,250	0,190	0,190
0,900	0,343	0,262	0,178	0,178	0,190	0,253	0,171	0,171
0,917	0,342	0,265	0,170	0,170	0,191	0,255	0,145	0,145
0,933	0,341	0,267	0,165	0,165	0,191	0,258	0,161	0,161
0,950	0,341	0,270	0,173	0,173	0,189	0,260	0,182	0,182
0,967	0,342	0,273	0,191	0,191	0,187	0,263	0,208	0,208
0,983	0,343	0,276	0,197	0,197	0,184	0,265	0,224	0,224
1,000	0,345	0,279	0,201	0,201	0,181	0,267	0,236	0,236
1,017	0,346	0,282	0,200	0,200	0,178	0,269	0,236	0,236
1,033	0,347	0,285	0,198	0,198	0,175	0,272	0,236	0,236
1,050	0,349	0,288	0,195	0,195	0,171	0,274	0,241	0,241
1,067	0,350	0,291	0,193	0,193	0,168	0,276	0,231	0,231
1,083	0,352	0,294	0,195	0,195	0,165	0,278	0,228	0,228
1,100	0,353	0,297	0,197	0,197	0,162	0,280	0,238	0,238
1,117	0,355	0,300	0,196	0,196	0,158	0,283	0,227	0,227
1,133	0,356	0,303	0,193	0,193	0,155	0,285	0,227	0,227
1,150	0,357	0,305	0,193	0,193	0,152	0,287	0,226	0,226
1,167	0,359	0,308	0,193	0,193	0,149	0,289	0,224	0,224
1,183	0,360	0,311	0,194	0,194	0,146	0,291	0,246	0,246
1,200	0,362	0,314	0,196	0,196	0,143	0,294	0,230	0,230
1,217	0,363	0,317	0,195	0,195	0,140	0,296	0,229	0,229
1,233	0,364	0,320	0,195	0,195	0,136	0,298	0,227	0,227
1,250	0,366	0,323	0,194	0,194	0,133	0,300	0,225	0,225
1,267	0,367	0,326	0,191	0,191	0,130	0,302	0,246	0,246
1,283	0,368	0,329	0,194	0,194	0,126	0,304	0,217	0,217
1,300	0,370	0,332	0,196	0,196	0,124	0,306	0,218	0,218
1,317	0,371	0,335	0,195	0,195	0,121	0,309	0,216	0,216
1,333	0,372	0,338	0,195	0,195	0,118	0,311	0,219	0,219
1,350	0,374	0,341	0,194	0,194	0,115	0,313	0,255	0,255
1,367	0,375	0,344	0,191	0,191	0,111	0,315	0,225	0,225
1,383	0,377	0,346	0,195	0,195	0,109	0,317	0,223	0,223
1,400	0,378	0,349	0,197	0,197	0,105	0,320	0,224	0,224
1,417	0,379	0,352	0,192	0,192	0,102	0,321	0,226	0,226
1,433	0,381	0,355	0,193	0,193	9,879E-2	0,324	0,259	0,259
1,450	0,382	0,358	0,195	0,195	9,518E-2	0,326	0,226	0,226
1,467	0,383	0,361	0,191	0,191	9,261E-2	0,328	0,219	0,219
1,483	0,385	0,364	0,194	0,194	8,901E-2	0,330	0,212	0,212
1,500	0,386	0,367	0,197	0,197	8,670E-2	0,332	0,216	0,216
1,517	0,388	0,370	0,193	0,193	8,321E-2	0,334	0,258	0,258
1,533	0,389	0,373	0,189	0,189	7,965E-2	0,337	0,220	0,220
1,550	0,390	0,376	0,186	0,186	7,733E-2	0,339	0,219	0,219
1,567	0,392	0,378	0,192	0,192	7,372E-2	0,341	0,266	0,266
1,583	0,393	0,381	0,194	0,194	6,990E-2	0,344	0,224	0,224
1,600	0,394	0,384	0,185	0,185	6,765E-2	0,345	0,222	0,222
1,617	0,396	0,387	0,188	0,188	6,387E-2	0,348	0,214	0,214
1,633	0,397	0,390	0,191	0,191	6,164E-2	0,349	0,210	0,210
1,650	0,398	0,393	0,187	0,187	5,806E-2	0,352	0,263	0,263
1,667	0,400	0,396	0,191	0,191	5,446E-2	0,354	0,216	0,216
1,683	0,401	0,398	0,198	0,198	5,233E-2	0,356	0,218	0,218
1,700	0,403	0,402	0,191	0,191	4,856E-2	0,359	0,269	0,269
1,717	0,404	0,404	0,186	0,186	4,487E-2	0,361	0,211	0,211
1,733	0,405	0,407	0,191	0,191	4,272E-2	0,362	0,206	0,206
1,750	0,407	0,410	0,192	0,192	3,927E-2	0,365	0,210	0,210
1,767	0,408	0,413	0,191	0,191	3,726E-2	0,367	0,214	0,214
1,783	0,409	0,416	0,187	0,187	3,355E-2	0,369	0,269	0,269
1,800	0,411	0,419	0,187	0,187	2,980E-2	0,372	0,210	0,210
1,817	0,412	0,421	0,190	0,190	2,777E-2	0,373	0,204	0,204
1,833	0,413	0,424	0,190	0,190	2,426E-2	0,376	0,266	0,266
1,850	0,415	0,427	0,191	0,191	2,057E-2	0,378	0,213	0,213
1,867	0,416	0,430	0,196	0,196	1,869E-2	0,380	0,214	0,214
1,883	0,418	0,433			1,491E-2	0,383		
