t	xa	ya	vxa	vya	ωa	xb	yb	vxb	vyb	ωb	
0,000	9,057E-2	0,486				0,142	0,487			
0,017	9,166E-2	0,483	9,553E-2	-0,199	-15,3	0,143	0,482	8,972E-2	-0,320	-20,2
0,033	9,375E-2	0,479	9,509E-2	-0,204	-15,5	0,145	0,476	9,077E-2	-0,319	-20,7
0,050	9,483E-2	0,476	9,330E-2	-0,184	-15,1	0,146	0,471	8,326E-2	-0,317	-20,1
0,067	9,686E-2	0,473	9,404E-2	-0,180	-15,2	0,147	0,466	6,927E-2	-0,320	-19,1
0,083	9,797E-2	0,470	6,424E-2	-0,179	-11,8	0,148	0,460	6,274E-2	-0,321	-18,7
0,100	9,900E-2	0,467	8,860E-2	-0,200	-15,4	0,149	0,455	5,758E-2	-0,322	-18,6
0,117	0,101	0,464	9,347E-2	-0,198	-16,1	0,150	0,450	5,064E-2	-0,324	-18,2
0,133	0,102	0,461	9,626E-2	-0,183	-16,2	0,151	0,444	3,878E-2	-0,320	-17,0
0,150	0,104	0,458	9,172E-2	-0,183	-15,8	0,152	0,439	3,120E-2	-0,314	-16,3
0,167	0,105	0,455	5,986E-2	-0,180	-12,1	0,152	0,434	2,550E-2	-0,310	-15,8
0,183	0,106	0,452	8,983E-2	-0,175	-15,7	0,153	0,429	1,941E-2	-0,308	-15,3
0,200	0,108	0,449	8,434E-2	-0,176	-15,3	0,153	0,424	1,408E-2	-0,305	-14,8
0,217	0,109	0,446	8,773E-2	-0,206	-16,8	0,153	0,419	4,693E-3	-0,302	-13,9
0,233	0,111	0,442	9,925E-2	-0,207	-18,4	0,153	0,414	-5,070E-3	-0,301	-12,9
0,250	0,112	0,439	9,286E-2	-0,186	-17,2	0,153	0,409	-1,235E-2	-0,298	-12,2
0,267	0,114	0,436	8,472E-2	-0,189	-16,5	0,153	0,404	-1,694E-2	-0,296	-11,8
0,283	0,115	0,433	5,426E-2	-0,185	-12,8	0,152	0,399	-1,799E-2	-0,285	-11,4
0,300	0,116	0,430	8,679E-2	-0,195	-17,4	0,152	0,394	-1,704E-2	-0,276	-11,3
0,317	0,118	0,426	9,392E-2	-0,194	-18,4	0,152	0,390	-1,974E-2	-0,278	-11,3
0,333	0,119	0,423	9,782E-2	-0,180	-18,6	0,151	0,385	-1,962E-2	-0,272	-11,3
0,350	0,121	0,420	9,154E-2	-0,187	-18,3	0,151	0,380	-2,127E-2	-0,263	-10,8
0,367	0,122	0,417	5,892E-2	-0,183	-14,2	0,151	0,376	-3,459E-2	-0,259	-9,1
0,383	0,123	0,414	8,474E-2	-0,183	-17,7	0,150	0,372	-3,638E-2	-0,254	-8,7
0,400	0,125	0,411	8,082E-2	-0,189	-17,6	0,149	0,368	-3,320E-2	-0,246	-8,9
0,417	0,126	0,408	5,994E-2	-0,181	-14,9	0,149	0,364	-4,205E-2	-0,246	-7,9
0,433	0,127	0,405	8,703E-2	-0,191	-19,0	0,148	0,359	-4,612E-2	-0,237	-7,0
0,450	0,129	0,401	9,393E-2	-0,193	-20,1	0,147	0,356	-4,808E-2	-0,229	-6,4
0,467	0,130	0,398	9,930E-2	-0,181	-20,6	0,146	0,352	-4,841E-2	-0,225	-6,2
0,483	0,132	0,395	8,927E-2	-0,187	-19,8	0,146	0,348	-4,768E-2	-0,217	-6,0
0,500	0,133	0,392	6,450E-2	-0,187	-16,7	0,145	0,345	-4,847E-2	-0,209	-5,6
0,517	0,134	0,389	8,561E-2	-0,181	-19,5	0,144	0,341	-4,975E-2	-0,205	-5,2
0,533	0,136	0,386	8,503E-2	-0,183	-19,7	0,143	0,338	-4,851E-2	-0,195	-4,9
0,550	0,137	0,383	6,334E-2	-0,180	-16,9	0,142	0,335	-5,106E-2	-0,182	-3,8
0,567	0,138	0,380	8,352E-2	-0,190	-20,4	0,141	0,332	-5,681E-2	-0,185	-3,2
0,583	0,140	0,377	9,298E-2	-0,191	-21,9	0,140	0,329	-5,313E-2	-0,175	-3,2
0,600	0,141	0,374	7,697E-2	-0,178	-19,4	0,140	0,326	-5,110E-2	-0,158	-2,5
0,617	0,142	0,371	9,097E-2	-0,180	-21,6	0,139	0,323	-5,492E-2	-0,155	-1,8
0,633	0,144	0,368	8,491E-2	-0,182	-21,1	0,138	0,321	-5,604E-2	-0,152	-1,4
0,650	0,145	0,365	6,458E-2	-0,182	-18,6	0,137	0,318	-4,986E-2	-0,147	-2,0
0,667	0,146	0,362	8,576E-2	-0,190	-22,2	0,136	0,316	-4,833E-2	-0,145	-2,2
0,683	0,148	0,358	9,273E-2	-0,190	-23,4	0,135	0,313	-3,954E-2	-0,144	-3,5
0,700	0,149	0,355	9,848E-2	-0,182	-24,0	0,135	0,311	-3,494E-2	-0,138	-3,9
0,717	0,151	0,352	9,038E-2	-0,186	-23,4	0,134	0,309	-4,809E-2	-0,128	-1,2
0,733	0,152	0,349	6,565E-2	-0,183	-20,1	0,133	0,307	-3,971E-2	-0,119	-1,9
0,750	0,154	0,346	8,553E-2	-0,181	-23,0	0,133	0,305	-2,908E-2	-0,113	-3,2
0,767	0,155	0,343	8,168E-2	-0,186	-23,0	0,132	0,303	-3,547E-2	-0,118	-2,5
0,783	0,156	0,340	6,406E-2	-0,184	-20,7	0,132	0,301	-3,082E-2	-0,115	-3,1
0,800	0,157	0,337	8,489E-2	-0,191	-24,3	0,131	0,299	-2,955E-2	-9,430E-2	-1,9
0,817	0,159	0,334	9,250E-2	-0,190	-25,6	0,131	0,298	-2,268E-2	-8,522E-2	-2,4
0,833	0,161	0,331	7,978E-2	-0,182	-23,6	0,131	0,296	-6,992E-3	-7,908E-2	-4,5
0,850	0,162	0,327	8,729E-2	-0,181	-24,9	0,130	0,295	-1,663E-3	-7,352E-2	-5,0
0,867	0,163	0,325	8,525E-2	-0,180	-24,8	0,130	0,294	3,106E-3	-7,525E-2	-5,9
0,883	0,165	0,321	7,035E-2	-0,183	-23,2	0,131	0,293	4,920E-3	-7,328E-2	-6,1
0,900	0,166	0,318	8,483E-2	-0,181	-25,3	0,131	0,291	4,929E-3	-7,190E-2	-6,1
0,917	0,167	0,315	8,123E-2	-0,179	-25,0	0,131	0,290	5,619E-3	-7,073E-2	-6,2
0,933	0,168	0,312	8,157E-2	-0,196	-26,6	0,131	0,289	8,072E-3	-6,992E-2	-6,5
0,950	0,170	0,309	8,988E-2	-0,195	-28,0	0,131	0,288	1,033E-2	-6,939E-2	-6,9
0,967	0,171	0,306	7,751E-2	-0,180	-25,4	0,131	0,287	1,152E-2	-6,852E-2	-7,1
0,983	0,173	0,303	8,478E-2	-0,183	-27,0	0,131	0,286	2,840E-2	-6,672E-2	-9,8
1,000	0,174	0,300	8,182E-2	-0,184	-27,0	0,132	0,284	3,851E-2	-5,706E-2	-10,8
1,017	0,175	0,297	7,128E-2	-0,184	-25,7	0,133	0,284	3,875E-2	-5,116E-2	-10,4
1,033	0,177	0,294	8,430E-2	-0,183	-27,8	0,133	0,283	4,416E-2	-5,623E-2	-11,7
1,050	0,178	0,291	8,035E-2	-0,182	-27,5	0,134	0,282	5,357E-2	-5,991E-2	-13,6
1,067	0,179	0,288	6,424E-2	-0,182	-25,5	0,135	0,281	6,251E-2	-5,420E-2	-14,7
1,083	0,180	0,285	8,040E-2	-0,188	-28,7	0,136	0,280	5,715E-2	-5,069E-2	-13,5
1,100	0,182	0,281	8,881E-2	-0,190	-30,4	0,137	0,279	6,441E-2	-5,382E-2	-15,0
1,117	0,183	0,278	9,398E-2	-0,184	-30,9	0,138	0,278	7,419E-2	-5,224E-2	-16,5
1,133	0,185	0,275	8,698E-2	-0,187	-30,5	0,140	0,277	8,089E-2	-4,623E-2	-17,2
1,150	0,186	0,272	7,041E-2	-0,184	-28,1	0,141	0,277	8,468E-2	-4,654E-2	-17,8
1,167	0,188	0,269	8,473E-2	-0,183	-30,4	0,142	0,276	8,255E-2	-5,330E-2	-18,1
1,183	0,189	0,266	7,972E-2	-0,186	-30,3	0,144	0,275	9,915E-2	-5,016E-2	-20,5
1,200	0,190	0,263	6,554E-2	-0,182	-28,2	0,146	0,274	0,109	-5,188E-2	-22,2
1,217	0,191	0,260	8,309E-2	-0,191	-32,0	0,147	0,273	0,113	-5,319E-2	-23,0
1,233	0,193	0,257	9,201E-2	-0,189	-33,4	0,149	0,272	0,121	-5,275E-2	-24,2
1,250	0,194	0,254	8,458E-2	-0,177	-31,3	0,151	0,271	0,120	-5,471E-2	-24,3
1,267	0,196	0,251	8,854E-2	-0,183	-32,9	0,153	0,271	0,130	-5,945E-2	-26,2
1,283	0,197	0,247	8,195E-2	-0,184	-32,3	0,156	0,269	0,140	-6,882E-2	-28,6
1,300	0,199	0,245	7,171E-2	-0,177	-30,4	0,158	0,268	0,148	-6,134E-2	-29,2
1,317	0,200	0,242	8,547E-2	-0,187	-33,9	0,161	0,267	0,156	-6,178E-2	-30,5
1,333	0,201	0,238	7,668E-2	-0,187	-32,9	0,163	0,266	0,159	-7,315E-2	-31,9
1,350	0,202	0,235	6,651E-2	-0,172	-30,0	0,166	0,265	0,160	-7,806E-2	-32,5
1,367	0,204	0,233	8,920E-2	-0,184	-35,0	0,169	0,264	0,160	-8,296E-2	-32,9
1,383	0,205	0,229	9,109E-2	-0,192	-36,4	0,171	0,262	0,162	-8,567E-2	-33,4
1,400	0,207	0,226	7,952E-2	-0,183	-34,0	0,174	0,261	0,164	-8,787E-2	-33,8
1,417	0,208	0,223	8,565E-2	-0,178	-34,5	0,177	0,259	0,167	-8,848E-2	-34,3
1,433	0,209	0,220	8,268E-2	-0,180	-34,7	0,180	0,258	0,180	-8,996E-2	-36,3
1,450	0,211	0,217	7,292E-2	-0,179	-33,5	0,183	0,256	0,184	-9,348E-2	-37,1
1,467	0,212	0,214	8,362E-2	-0,187	-36,3	0,186	0,255	0,180	-9,607E-2	-36,7
1,483	0,213	0,211	8,991E-2	-0,191	-38,0	0,189	0,253	0,185	-0,107	-38,4
1,500	0,215	0,208	8,280E-2	-0,182	-36,1	0,192	0,251	0,188	-0,116	-39,8
1,517	0,216	0,205	8,657E-2	-0,183	-37,0	0,195	0,249	0,193	-0,113	-40,1
1,533	0,218	0,202	8,108E-2	-0,182	-36,4	0,198	0,247	0,195	-0,120	-41,1
1,550	0,219	0,199	7,398E-2	-0,178	-35,2	0,202	0,245	0,196	-0,129	-42,1
1,567	0,220	0,196	8,295E-2	-0,177	-36,5	0,205	0,243	0,204	-0,131	-43,3
1,583	0,222	0,193	7,688E-2	-0,183	-36,8	0,208	0,241	0,202	-0,146	-44,7
1,600	0,223	0,190	7,001E-2	-0,185	-36,4	0,212	0,238	0,204	-0,158	-46,2
1,617	0,224	0,187	7,786E-2	-0,182	-37,3	0,215	0,236	0,211	-0,157	-46,9
1,633	0,225	0,184	7,088E-2	-0,183	-36,8	0,219	0,233	0,203	-0,164	-46,7
1,650	0,226	0,181	6,515E-2	-0,181	-36,1	0,222	0,230	0,202	-0,172	-47,5
1,667	0,228	0,178	7,752E-2	-0,179	-37,5	0,225	0,227	0,211	-0,175	-48,9
1,683	0,229	0,175	7,822E-2	-0,182	-38,2	0,229	0,224	0,213	-0,171	-48,5
1,700	0,230	0,172	6,886E-2	-0,182	-37,3	0,232	0,222	0,203	-0,172	-47,3
1,717	0,231	0,169	7,265E-2	-0,181	-37,8	0,236	0,218	0,201	-0,182	-48,2
1,733	0,233	0,166	7,540E-2	-0,182	-38,5	0,239	0,215	0,205	-0,188	-49,4
1,750	0,234	0,163	7,181E-2	-0,180	-38,0	0,243	0,212	0,201	-0,199	-50,1
1,767	0,235	0,160	7,257E-2	-0,178	-38,0	0,246	0,209	0,202	-0,205	-50,9
1,783	0,236	0,157	7,137E-2	-0,175	-37,4	0,249	0,205	0,205	-0,208	-51,6
1,800	0,237	0,154	7,145E-2	-0,179	-38,4	0,253	0,202	0,205	-0,214	-52,3
1,817	0,239	0,151	7,059E-2	-0,185	-39,3	0,256	0,198	0,199	-0,224	-52,9
1,833	0,240	0,148	6,791E-2	-0,173	-37,2	0,259	0,194	0,197	-0,236	-54,2
1,850	0,241	0,145	7,615E-2	-0,165	-36,9	0,263	0,190	0,197	-0,242	-55,0
1,867	0,242	0,142	7,673E-2	-0,176	-38,9	0,266	0,186	0,194	-0,244	-54,9
1,883	0,243	0,139	6,653E-2	-0,180	-38,7	0,269	0,182	0,189	-0,247	-54,7
1,900	0,244	0,136	6,833E-2	-0,169	-37,0	0,272	0,178	0,182	-0,246	-53,8
1,917	0,246	0,133	6,840E-2	-0,163	-36,1	0,275	0,174	0,181	-0,248	-53,8
1,933	0,247	0,131	6,597E-2	-0,163	-35,8	0,278	0,170	0,178	-0,250	-53,8
1,950	0,248	0,128	7,784E-2	-0,164	-37,2	0,281	0,166	0,170	-0,250	-53,0
1,967	0,249	0,125	7,634E-2	-0,175	-39,1	0,284	0,162	0,169	-0,264	-54,9
1,983	0,250	0,122	6,763E-2	-0,180	-39,3	0,287	0,157	0,165	-0,268	-55,0
2,000	0,252	0,119	7,376E-2	-0,169	-37,9	0,289	0,153	0,158	-0,265	-53,9
2,017	0,253	0,116	7,032E-2	-0,169	-37,6	0,292	0,148	0,152	-0,270	-54,2
2,033	0,254	0,114	6,849E-2	-0,166	-36,9	0,294	0,144	0,146	-0,274	-54,3
2,050	0,255	0,111	7,762E-2	-0,161	-36,7	0,297	0,139	0,142	-0,277	-54,4
2,067	0,257	0,108	7,543E-2	-0,173	-38,8	0,299	0,134	0,137	-0,279	-54,3
2,083	0,258	0,105	6,812E-2	-0,173	-38,2	0,301	0,130	0,137	-0,282	-54,7
2,100	0,259	0,102	6,922E-2	-0,168	-37,4	0,304	0,125	0,136	-0,281	-54,4
2,117	0,260	9,959E-2	6,970E-2	-0,169	-37,7	0,306	0,120	0,132	-0,284	-54,5
2,133	0,261	9,680E-2	7,233E-2	-0,165	-37,1	0,308	0,115	0,127	-0,290	-55,0
2,150	0,262	9,408E-2	7,318E-2	-0,164	-36,8	0,310	0,111	0,118	-0,287	-53,9
2,167	0,264	9,134E-2	7,304E-2	-0,159	-35,8	0,312	0,106	0,111	-0,287	-53,5
2,183	0,265	8,877E-2	7,826E-2	-0,159	-36,0	0,314	0,101	0,104	-0,293	-53,9
2,200	0,266	8,604E-2	7,518E-2	-0,170	-37,9	0,316	9,615E-2	9,499E-2	-0,293	-53,5
2,217	0,267	8,310E-2	7,043E-2	-0,172	-37,9	0,317	9,133E-2	9,829E-2	-0,301	-54,9
2,233	0,269	8,030E-2	7,182E-2	-0,165	-36,6	0,319	8,612E-2	0,100	-0,293	-53,7
2,250	0,270	7,759E-2	7,209E-2	-0,165	-36,4	0,320	8,155E-2	8,263E-2	-0,288	-52,0
2,267	0,271	7,481E-2	7,230E-2	-0,167	-36,7	0,322	7,651E-2	6,914E-2	-0,290	-51,7
2,283	0,272	7,202E-2	6,913E-2	-0,165	-36,1	0,323	7,188E-2	7,627E-2	-0,296	-52,9
2,300	0,273	6,931E-2	7,176E-2	-0,162	-35,5	0,324	6,664E-2	7,734E-2	-0,309	-55,1
2,317	0,275	6,662E-2	7,365E-2	-0,160	-35,1	0,325	6,158E-2	6,005E-2	-0,296	-52,3
2,333	0,276	6,397E-2	7,541E-2	-0,159	-34,9	0,326	5,677E-2	5,063E-2	-0,289	-50,8
2,350	0,277	6,131E-2	7,673E-2	-0,168	-36,4	0,327	5,194E-2	4,525E-2	-0,295	-51,7
2,367	0,278	5,838E-2	6,916E-2	-0,172	-36,8	0,328	4,693E-2	4,039E-2	-0,291	-50,8
2,383	0,279	5,557E-2	6,883E-2	-0,166	-35,5	0,328	4,225E-2	3,814E-2	-0,284	-49,6
2,400	0,281	5,285E-2				0,329	3,746E-2			
