t	x	y	vx	vy	v	
0,000	0,386	0,513			
0,017	0,387	0,511	2,671E-2	-6,334E-2	6,874E-2
0,033	0,387	0,510	2,239E-2	-6,972E-2	7,322E-2
0,050	0,387	0,509	2,748E-2	-7,556E-2	8,040E-2
0,067	0,388	0,508	3,322E-2	-8,318E-2	8,956E-2
0,083	0,389	0,506	3,089E-2	-9,546E-2	0,100
0,100	0,389	0,505	4,208E-2	-0,103	0,111
0,117	0,390	0,503	5,358E-2	-0,113	0,125
0,133	0,391	0,501	5,671E-2	-0,131	0,143
0,150	0,392	0,499	5,853E-2	-0,149	0,161
0,167	0,393	0,496	6,825E-2	-0,163	0,176
0,183	0,394	0,493	7,991E-2	-0,169	0,187
0,200	0,396	0,490	7,799E-2	-0,181	0,197
0,217	0,397	0,487	8,142E-2	-0,183	0,200
0,233	0,398	0,484	8,808E-2	-0,186	0,206
0,250	0,400	0,481	8,671E-2	-0,188	0,207
0,267	0,401	0,478	9,278E-2	-0,173	0,196
0,283	0,403	0,475	8,635E-2	-0,182	0,202
0,300	0,404	0,472	7,877E-2	-0,188	0,204
0,317	0,405	0,469	8,622E-2	-0,189	0,208
0,333	0,407	0,466	8,511E-2	-0,186	0,204
0,350	0,408	0,463	8,894E-2	-0,177	0,198
0,367	0,410	0,460	8,926E-2	-0,191	0,211
0,383	0,411	0,456	8,537E-2	-0,185	0,204
0,400	0,413	0,454	8,814E-2	-0,192	0,211
0,417	0,414	0,450	8,715E-2	-0,190	0,209
0,433	0,416	0,447	8,348E-2	-0,184	0,202
0,450	0,417	0,444	8,360E-2	-0,190	0,208
0,467	0,418	0,441	8,346E-2	-0,188	0,206
0,483	0,420	0,438	8,102E-2	-0,180	0,197
0,500	0,421	0,435	8,371E-2	-0,183	0,202
0,517	0,422	0,431	8,328E-2	-0,189	0,207
0,533	0,424	0,429	8,065E-2	-0,182	0,199
0,550	0,425	0,425	8,051E-2	-0,186	0,203
0,567	0,427	0,422	8,359E-2	-0,186	0,204
0,583	0,428	0,419	8,018E-2	-0,186	0,202
0,600	0,429	0,416	8,157E-2	-0,186	0,203
0,617	0,431	0,413	8,490E-2	-0,192	0,210
0,633	0,432	0,410	8,052E-2	-0,188	0,204
0,650	0,433	0,407	8,179E-2	-0,191	0,208
0,667	0,435	0,403	8,117E-2	-0,195	0,212
0,683	0,436	0,400	7,741E-2	-0,177	0,193
0,700	0,437	0,397	7,948E-2	-0,194	0,210
0,717	0,439	0,394	7,542E-2	-0,202	0,215
0,733	0,440	0,391	7,737E-2	-0,194	0,209
0,750	0,441	0,387	8,398E-2	-0,191	0,209
0,767	0,443	0,384	7,502E-2	-0,184	0,199
0,783	0,444	0,381	7,467E-2	-0,199	0,213
0,800	0,445	0,378	7,480E-2	-0,194	0,208
0,817	0,446	0,375	7,554E-2	-0,195	0,209
0,833	0,448	0,371	8,576E-2	-0,192	0,211
0,850	0,449	0,368	7,535E-2	-0,180	0,195
0,867	0,450	0,365	7,500E-2	-0,194	0,208
0,883	0,452	0,362	8,892E-2	-0,194	0,213
0,900	0,453	0,359	7,833E-2	-0,195	0,210
0,917	0,454	0,355	7,509E-2	-0,199	0,212
0,933	0,456	0,352	8,304E-2	-0,195	0,212
0,950	0,457	0,349	7,850E-2	-0,191	0,206
0,967	0,458	0,346	7,737E-2	-0,186	0,201
0,983	0,460	0,343	7,670E-2	-0,194	0,209
1,000	0,461	0,339	7,342E-2	-0,192	0,205
1,017	0,462	0,336	8,020E-2	-0,192	0,208
1,033	0,464	0,333	8,604E-2	-0,200	0,218
1,050	0,465	0,330	7,873E-2	-0,194	0,209
1,067	0,466	0,326	7,901E-2	-0,190	0,206
1,083	0,468	0,323	8,026E-2	-0,198	0,213
1,100	0,469	0,320	7,444E-2	-0,191	0,205
1,117	0,470	0,317	7,586E-2	-0,187	0,202
1,133	0,471	0,314	7,895E-2	-0,192	0,207
1,150	0,473	0,310	8,082E-2	-0,187	0,204
1,167	0,474	0,307	7,892E-2	-0,185	0,202
1,183	0,475	0,304	7,665E-2	-0,189	0,204
1,200	0,477	0,301	7,738E-2	-0,190	0,205
1,217	0,478	0,298	7,646E-2	-0,192	0,206
1,233	0,479	0,295	7,910E-2	-0,195	0,210
1,250	0,480	0,291	7,744E-2	-0,186	0,201
1,267	0,482	0,288	7,476E-2	-0,185	0,200
1,283	0,483	0,285	7,942E-2	-0,191	0,206
1,300	0,484	0,282	7,705E-2	-0,194	0,209
1,317	0,486	0,279	7,886E-2	-0,189	0,205
1,333	0,487	0,276	7,691E-2	-0,175	0,191
1,350	0,488	0,273	7,438E-2	-0,194	0,207
1,367	0,489	0,269	7,374E-2	-0,191	0,204
1,383	0,491	0,267	6,554E-2	-0,165	0,177
1,400	0,492	0,264	7,581E-2	-0,188	0,203
1,417	0,493	0,260	7,662E-2	-0,186	0,201
1,433	0,494	0,258	7,469E-2	-0,167	0,183
1,450	0,496	0,255	8,252E-2	-0,195	0,211
1,467	0,497	0,251	7,335E-2	-0,194	0,208
1,483	0,498	0,248	6,266E-2	-0,176	0,187
1,500	0,499	0,245	7,208E-2	-0,192	0,205
1,517	0,500	0,242	7,570E-2	-0,188	0,202
1,533	0,502	0,239	7,496E-2	-0,173	0,188
1,550	0,503	0,236	6,967E-2	-0,177	0,191
1,567	0,504	0,233	7,067E-2	-0,188	0,201
1,583	0,505	0,230	7,299E-2	-0,188	0,202
1,600	0,506	0,227	6,980E-2	-0,182	0,195
1,617	0,508	0,224	6,848E-2	-0,181	0,193
1,633	0,509	0,221	6,778E-2	-0,186	0,198
1,650	0,510	0,218	7,377E-2	-0,192	0,205
1,667	0,511	0,214	7,907E-2	-0,186	0,202
1,683	0,513	0,211	7,711E-2	-0,180	0,196
1,700	0,514	0,208	6,449E-2	-0,182	0,193
1,717	0,515	0,205	7,479E-2	-0,192	0,206
1,733	0,516	0,202	7,767E-2	-0,188	0,204
1,750	0,517	0,199	7,562E-2	-0,192	0,206
1,767	0,519	0,196	7,465E-2	-0,193	0,207
1,783	0,520	0,193	6,854E-2	-0,186	0,198
1,800	0,521	0,189	6,958E-2	-0,189	0,201
1,817	0,522	0,186	7,074E-2	-0,188	0,201
1,833	0,523	0,183	6,943E-2	-0,185	0,197
1,850	0,524	0,180	6,566E-2	-0,189	0,201
1,867	0,525	0,177	7,271E-2	-0,195	0,208
1,883	0,527	0,174	7,100E-2	-0,186	0,199
1,900	0,528	0,171	6,927E-2	-0,187	0,199
1,917	0,529	0,167	7,561E-2	-0,196	0,210
1,933	0,530	0,164	7,313E-2	-0,185	0,199
1,950	0,532	0,161	6,915E-2	-0,181	0,194
1,967	0,533	0,158			
